20
1
500000
0.1
0.0
0
0.01
0
0
0
1
1
1
1
1
./assets/textures/mars.jpg
500000
0.09510565162951536
0.03090169943749474
0
0.01
0
0
0
1
1
1
1
1
./assets/textures/mars.jpg
500000
0.08090169943749476
0.058778525229247314
0
0.01
0
0
0
1
1
1
1
1
./assets/textures/mars.jpg
500000
0.058778525229247314
0.08090169943749476
0
0.01
0
0
0
1
1
1
1
1
./assets/textures/mars.jpg
500000
0.030901699437494747
0.09510565162951536
0
0.01
0
0
0
1
1
1
1
1
./assets/textures/mars.jpg
500000
6.123233995736766e-18
0.1
0
0.01
0
0
0
1
1
1
1
1
./assets/textures/mars.jpg
500000
-0.030901699437494736
0.09510565162951537
0
0.01
0
0
0
1
1
1
1
1
./assets/textures/mars.jpg
500000
-0.05877852522924731
0.08090169943749476
0
0.01
0
0
0
1
1
1
1
1
./assets/textures/mars.jpg
500000
-0.08090169943749474
0.05877852522924733
0
0.01
0
0
0
1
1
1
1
1
./assets/textures/mars.jpg
500000
-0.09510565162951536
0.030901699437494753
0
0.01
0
0
0
1
1
1
1
1
./assets/textures/mars.jpg
500000
-0.1
1.2246467991473533e-17
0
0.01
0
0
0
1
1
1
1
1
./assets/textures/mars.jpg
500000
-0.09510565162951538
-0.03090169943749469
0
0.01
0
0
0
1
1
1
1
1
./assets/textures/mars.jpg
500000
-0.08090169943749476
-0.05877852522924731
0
0.01
0
0
0
1
1
1
1
1
./assets/textures/mars.jpg
500000
-0.05877852522924733
-0.08090169943749474
0
0.01
0
0
0
1
1
1
1
1
./assets/textures/mars.jpg
500000
-0.030901699437494757
-0.09510565162951536
0
0.01
0
0
0
1
1
1
1
1
./assets/textures/mars.jpg
500000
-1.8369701987210297e-17
-0.1
0
0.01
0
0
0
1
1
1
1
1
./assets/textures/mars.jpg
500000
0.030901699437494726
-0.09510565162951537
0
0.01
0
0
0
1
1
1
1
1
./assets/textures/mars.jpg
500000
0.05877852522924729
-0.08090169943749476
0
0.01
0
0
0
1
1
1
1
1
./assets/textures/mars.jpg
500000
0.08090169943749474
-0.05877852522924734
0
0.01
0
0
0
1
1
1
1
1
./assets/textures/mars.jpg
500000
0.09510565162951536
-0.030901699437494767
0
0.01
0
0
0
1
1
1
1
1
./assets/textures/mars.jpg
