21
1.0
500000.0
0.0501746097535801
0.1557852339353234
0.0
0.01
0.01752903430186027
0.02874247457814239
0.0
1.0
1.0
1.0
1.0
1.0
./assets/textures/mars.jpg
500000.0
0.05918685486167128
0.03263107071016116
0.0
0.01
-0.03736850293844618
0.07212061806238561
0.0
1.0
1.0
1.0
1.0
1.0
./assets/textures/mars.jpg
500000.0
-0.0153459082316986
0.0344494151486782
0.0
0.01
-0.060339070825475835
-0.012624566711896454
0.0
1.0
1.0
1.0
1.0
1.0
./assets/textures/mars.jpg
500000.0
-0.00490611413637992
-0.021624491259519547
0.0
0.01
0.11234000641624174
-0.0009615237094939522
0.0
1.0
1.0
1.0
1.0
1.0
./assets/textures/mars.jpg
500000.0
-0.09446455710172262
0.013273198847762775
0.0
0.01
0.07875358980126557
-0.037871074555586255
0.0
1.0
1.0
1.0
1.0
1.0
./assets/textures/mars.jpg
500000.0
0.048032717531763934
-0.04913345307549681
0.0
0.01
0.07116854752258273
-0.06138788030452069
0.0
1.0
1.0
1.0
1.0
1.0
./assets/textures/mars.jpg
500000.0
0.033484615364409095
-0.01633126876408045
0.0
0.01
-0.03250338036946323
0.053068712432271424
0.0
1.0
1.0
1.0
1.0
1.0
./assets/textures/mars.jpg
500000.0
-0.03366221118911309
-0.031217454142615043
0.0
0.01
-0.007181393524136712
-0.012843578413518452
0.0
1.0
1.0
1.0
1.0
1.0
./assets/textures/mars.jpg
500000.0
0.04126591259400044
-0.06878079806138807
0.0
0.01
-0.045127419961069296
0.03836399744153868
0.0
1.0
1.0
1.0
1.0
1.0
./assets/textures/mars.jpg
500000.0
-0.03417203088563339
-0.05422693853587812
0.0
0.01
-0.035953999002237995
-0.03649152126940643
0.0
1.0
1.0
1.0
1.0
1.0
./assets/textures/mars.jpg
500000.0
0.05126253675935541
0.006024063191312291
0.0
0.01
0.0179289056242791
-0.023685691271048
0.0
1.0
1.0
1.0
1.0
1.0
./assets/textures/mars.jpg
500000.0
0.0017415464820362443
-0.0013339246406084805
0.0
0.01
-0.028802649678619393
0.007528080659051034
0.0
1.0
1.0
1.0
1.0
1.0
./assets/textures/mars.jpg
500000.0
-0.013515209668767129
-0.06325352891793952
0.0
0.01
-0.07488308542914754
0.030198147837686807
0.0
1.0
1.0
1.0
1.0
1.0
./assets/textures/mars.jpg
500000.0
-0.0934491296361768
0.08219584911902009
0.0
0.01
-0.02603882540690322
0.03135328978550853
0.0
1.0
1.0
1.0
1.0
1.0
./assets/textures/mars.jpg
500000.0
0.016453931826276656
0.01429151197848298
0.0
0.01
0.04635811927884657
-0.01986389442421851
0.0
1.0
1.0
1.0
1.0
1.0
./assets/textures/mars.jpg
500000.0
0.005806510997665188
-0.04114227382061813
0.0
0.01
-0.02889363055390421
0.028251591322053068
0.0
1.0
1.0
1.0
1.0
1.0
./assets/textures/mars.jpg
500000.0
-0.020263344750653018
-0.007380774687851845
0.0
0.01
0.04725371719290109
0.006013643340083317
0.0
1.0
1.0
1.0
1.0
1.0
./assets/textures/mars.jpg
500000.0
0.004855349514832612
0.04330647866728442
0.0
0.01
0.007502455028199286
-0.03916832351551805
0.0
1.0
1.0
1.0
1.0
1.0
./assets/textures/mars.jpg
500000.0
-0.029515414271482972
0.01583768478449652
0.0
0.01
0.008415430999203785
-0.020055830092311794
0.0
1.0
1.0
1.0
1.0
1.0
./assets/textures/mars.jpg
500000.0
0.02702933418603584
-0.04336960047648459
0.0
0.01
-0.03015784847597677
-0.030686671191199187
0.0
1.0
1.0
1.0
1.0
1.0
./assets/textures/mars.jpg
500000.0
-10
0
0
0.01
3
0
0
1.0
0
0
1.0
1.0
./assets/textures/mars.jpg
