9
86000
1989000000000000000000000000000
0.0
0.0
0.0
40000000000
0.0
0.0
0.0
1.0
1.0
1.0
0.2
638.4
./assets/textures/sun.jpg
330220000000000000000000
0.0
0.0
58000000000
2500000000
0.0
47900
0.0
1.0
1.0
1.0
0.2
1407.07
./assets/textures/mercury.jpg
4868500000000000000000000
0.0
0.0
108000000000
6000000000
0.0
35000
0.0
1.0
1.0
1.0
0.2
5839.2
./assets/textures/venus.jpg
5973600000000000000000000
0.0
0.0
150000000000
6500000000
0.0
29800
0.0
1.0
1.0
1.0
0.2
23.93
./assets/textures/earth.jpg
641850000000000000000000
0.0
0.0
228000000000
3000000000
0.0
24100
0.0
1.0
1.0
1.0
0.2
24.62
./assets/textures/mars.jpg
1898600000000000000000000000
0.0
0.0
778000000000
25000000000
0.0
13100
0.0
1.0
1.0
1.0
0.2
9.92
./assets/textures/jupiter.jpg
568460000000000000000000000
0.0
0.0
1400000000000
20000000000
0.0
9700
0.0
1.0
1.0
1.0
0.2
10.23
./assets/textures/saturn.jpg
86810000000000000000000000
0.0
0.0
2900000000000
12000000000
0.0
6800
0.0
1.0
1.0
1.0
0.2
17.23
./assets/textures/uranus.jpg
102430000000000000000000000
0.0
0.0
4500000000000
10000000000
0.0
5400
0.0
1.0
1.0
1.0
0.2
16.05
./assets/textures/neptune.jpg
