9
1989000000000000000000000000000
0.0
0.0
0.0
695700000
0.0
0.0
0.0
1.0
1.0
1.0
0.2
./assets/textures/sun.jpg
330220000000000000000000
0.0
0.0
58000000000
2440000
0.0
47900
0.0
1.0
1.0
1.0
0.2
./assets/textures/mercury.jpg
4868500000000000000000000
0.0
0.0
108000000000
6052000
0.0
35000
0.0
1.0
1.0
1.0
0.2
./assets/textures/venus.jpg
5973600000000000000000000
0.0
0.0
150000000000
6371000
0.0
29800
0.0
1.0
1.0
1.0
0.2
./assets/textures/earth.jpg
641850000000000000000000
0.0
0.0
228000000000
3390000
0.0
24100
0.0
1.0
1.0
1.0
0.2
./assets/textures/mars.jpg
1898600000000000000000000000
0.0
0.0
778000000000
69911000
0.0
13100
0.0
1.0
1.0
1.0
0.2
./assets/textures/jupiter.jpg
568460000000000000000000000
0.0
0.0
1400000000000
58232000
0.0
9700
0.0
1.0
1.0
1.0
0.2
./assets/textures/saturn.jpg
86810000000000000000000000
0.0
0.0
2900000000000
25362000
0.0
6800
0.0
1.0
1.0
1.0
0.2
./assets/textures/uranus.jpg
102430000000000000000000000
0.0
0.0
4500000000000
24622000
0.0
5400
0.0
1.0
1.0
1.0
0.2
./assets/textures/neptune.jpg
