5
86000
1989000000000000000000000000000
0.0
0.0
0.0
30000000000
0.0
0.0
0.0
1.0
1.0
1.0
0.2
638.4
./assets/textures/sun.jpg
330220000000000000000000
58000000000
0.0
0.0
6000000000
0.0
47900
0.0
1.0
1.0
1.0
0.2
1407.07
./assets/textures/mercury.jpg
4868500000000000000000000
108000000000
0.0
0.0
12000000000
0.0
35000
0.0
1.0
1.0
1.0
0.2
5839.2
./assets/textures/venus.jpg
5973600000000000000000000
150000000000
0.0
0.0
15000000000
0.0
29800
0.0
1.0
1.0
1.0
0.2
23.93
./assets/textures/earth.jpg
641850000000000000000000
228000000000
0.0
0.0
7000000000
0.0
24100
0.0
1.0
1.0
1.0
0.2
24.62
./assets/textures/mars.jpg
