3
86000.0
7.366666666666667e+22
1047388617.7810267
4814004225.527341
784200904.6430222
100000000.0
-234.76626050312564
296.3176819862097
752.19846312058
1.0
1.0
1.0
0.2
638.4
./assets/textures/sun.jpg
5.9736e+24
486944417.36503434
4809791667.81108
601440806.614256
150000000.0
-4.471956049763194
93.07074461948045
0.5539068011648902
1.0
1.0
1.0
0.2
23.93
./assets/textures/earth.jpg
7.34767309e+22
515156428.35966
4669391000.833113
55099998.953839
50000000.0
598.9396095458006
366.2593149558343
222.82493603015405
1.0
1.0
1.0
0.2
720.0
./assets/textures/moon.jpg
