6
100000000000
5.0
0.0
0.0
0.3
0.0
1.0
0.0
1.0
1.0
1.0
0.2
./assets/textures/earth.jpg
100000000000
2.5
4.330127019
0.0
0.3
-0.866025404
0.5
0.0
1.0
1.0
1.0
0.2
./assets/textures/mars.jpg
100000000000
-2.5
4.330127019
0.0
0.3
-0.866025404
-0.5
0.0
1.0
1.0
1.0
0.2
./assets/textures/moon.jpg
100000000000
-5.0
0.0
0.0
0.3
0.0
-1.0
0.0
1.0
1.0
1.0
0.2
./assets/textures/jupiter.jpg
100000000000
-2.5
-4.330127019
0.0
0.3
0.866025404
-0.5
0.0
1.0
1.0
1.0
0.2
./assets/textures/mercury.jpg
100000000000
2.5
-4.330127019
0.0
0.3
0.866025404
0.5
0.0
1.0
1.0
1.0
0.2
./assets/textures/sun.jpg
