5
86000
1.989e+30
0.0
0.0
0.0
30000000000.0
0.0
0.0
0.0
1.0
1.0
1.0
0.2
638.4
./assets/textures/sun.jpg
3.3022e+23
58000000000.0
0.0
0.0
6000000000.0
0.0
47900.0
0.0
1.0
1.0
1.0
0.2
1407.07
./assets/textures/mercury.jpg
4.8685e+24
108000000000.0
0.0
0.0
12000000000.0
0.0
35000.0
0.0
1.0
1.0
1.0
0.2
5839.2
./assets/textures/venus.jpg
5.9736e+24
150000000000.0
0.0
0.0
15000000000.0
0.0
29800.0
0.0
1.0
1.0
1.0
0.2
23.93
./assets/textures/earth.jpg
6.4185e+23
228000000000.0
0.0
0.0
7000000000.0
0.0
24100.0
0.0
1.0
1.0
1.0
0.2
24.62
./assets/textures/mars.jpg
