5
86000
1.989e+30
1100431.4297196995
3297011.8031463125
0.0
30000000000.0
-0.06424177843530844
0.2251731945068275
0.0
1.0
1.0
1.0
0.2
638.4
./assets/textures/sun.jpg
3.3022e+23
43727909489.21289
39739262747.425476
0.0
6000000000.0
-31760.274859796897
35251.535415355545
0.0
1.0
1.0
1.0
0.2
1407.07
./assets/textures/mercury.jpg
4.8685e+24
63132014748.969536
-87879237304.82104
0.0
12000000000.0
28490.360152163215
20302.28866579147
0.0
1.0
1.0
1.0
0.2
5839.2
./assets/textures/venus.jpg
5.9736e+24
-150612592892.5888
-12776723573.049633
0.0
15000000000.0
2488.4530349031074
-29482.989943780973
0.0
1.0
1.0
1.0
0.2
23.93
./assets/textures/earth.jpg
6.4185e+23
-36650639380.251015
224393982770.16635
0.0
7000000000.0
-23846.01725959703
-3950.21662409228
0.0
1.0
1.0
1.0
0.2
24.62
./assets/textures/mars.jpg
