9
1.989e+18
0.0
0.0
0.0
2000000.0
0.0
0.0
0.0
330220000000.0
0.0
0.0
5800000.0
250000.0
0.0
4.8
0.0
4868500000000.0
0.0
0.0
10800000.0
600000.2
0.0
3.3
0.0
5973600000000.0
0.0
0.0
15000000.0
640000.0
0.0
2.8
0.0
641850000000.0
0.0
0.0
22800000.0
340000.0
0.0
2.3
0.0
1898600000000000.0
0.0
0.0
77800000.0
1000000.0
0.0
1.31
0.0
568460000000000.0
0.0
0.0
140000000.0
800000.0
0.0
0.97
0.0
86810000000000.0
0.0
0.0
290000000.0
750000.0
0.0
0.68
0.0
102430000000000.0
0.0
0.0
450000000.0
750000.0
0.0
0.54
0.0
